Experiment {expName = "digarith_wjittermany", expTaskSet = [not,not,and,and,or,or,xor,xor], expEps = 0.0, expPrior = Grammar
------------------------
Expansions: 0.0

Library: 
-------
False: -2.7143219398638885
S: -2.5092986739871694
I: -2.26188933142181
C: -2.80534122117352
B: -3.285972803265591
True: -4.652391576569178
nand: -2.5530133347227597
SB: -3.268873451890071
SC: -2.63345536127511
SS: -2.266363068065828
CS: -3.2045330944255817
CB: -3.6785024818715724
CC: -2.120288677844064
BC: -4.146831404082153
BB: -3.837557058792783
BS: -2.069636678440117
, expInitLib = Grammar
------------------------
Expansions: 0.0

Library: 
-------
False: -2.7143219398638885
S: -2.5092986739871694
I: -2.26188933142181
C: -2.80534122117352
B: -3.285972803265591
True: -4.652391576569178
nand: -2.5530133347227597
SB: -3.268873451890071
SC: -2.63345536127511
SS: -2.266363068065828
CS: -3.2045330944255817
CB: -3.6785024818715724
CC: -2.120288677844064
BC: -4.146831404082153
BB: -3.837557058792783
BS: -2.069636678440117
, expDepthBound = 3, expNumBound = 2000, expReps = 3}