Experiment {expName = "dig arith", expTaskSet = [pair incr 1], expEps = 0.0, expPrior = Grammar
------------------------
Expansions: 0.0

Library: 
-------
False: -2.3978952727983707
&: -2.3978952727983707
S: -2.3978952727983707
I: -2.3978952727983707
C: -2.3978952727983707
B: -2.3978952727983707
True: -2.3978952727983707
snd: -2.3978952727983707
not: -2.3978952727983707
fst: -2.3978952727983707
pair: -2.3978952727983707
, expInitLib = Grammar
------------------------
Expansions: 0.0

Library: 
-------
False: -2.3978952727983707
&: -2.3978952727983707
S: -2.3978952727983707
I: -2.3978952727983707
C: -2.3978952727983707
B: -2.3978952727983707
True: -2.3978952727983707
snd: -2.3978952727983707
not: -2.3978952727983707
fst: -2.3978952727983707
pair: -2.3978952727983707
, expDepthBound = 3, expNumBound = 2000, expReps = 1}