Experiment {expName = "digarith_wjittermany", expTaskSet = [not,not,and,and,or,or,xor,xor], expEps = 0.0, expPrior = Grammar
------------------------
Expansions: 0.0

Library: 
-------
False: -3.153660748417839
S: -3.6815238926427982
I: -2.3668420197927285
C: -4.715398684269274
B: -2.6914709513590225
True: -4.641329924528477
nand: -1.855536917642258
SB: -2.0600805658128367
SC: -2.1941491399087454
SS: -4.596661616303922
CS: -2.8170445567802602
CB: -4.825752945118954
CC: -1.952345727564314
BC: -3.1697261824917407
BB: -2.585237311034956
BS: -3.9387363180355415
, expInitLib = Grammar
------------------------
Expansions: 0.0

Library: 
-------
False: -3.153660748417839
S: -3.6815238926427982
I: -2.3668420197927285
C: -4.715398684269274
B: -2.6914709513590225
True: -4.641329924528477
nand: -1.855536917642258
SB: -2.0600805658128367
SC: -2.1941491399087454
SS: -4.596661616303922
CS: -2.8170445567802602
CB: -4.825752945118954
CC: -1.952345727564314
BC: -3.1697261824917407
BB: -2.585237311034956
BS: -3.9387363180355415
, expDepthBound = 3, expNumBound = 1000, expReps = 3}