Experiment {expName = "digarith_wjittermany", expTaskSet = [not,not,and,and,or,or,xor,xor], expEps = 0.0, expPrior = Grammar
------------------------
Expansions: 0.0

Library: 
-------
False: -4.001725145686556
S: -2.387508029329795
I: -2.5583951563696044
C: -3.093817455027801
B: -4.064495985957658
True: -3.8663401640107837
nand: -1.9814148823122846
SB: -4.0674390107808645
SC: -1.5545172049738203
SS: -4.099639371836734
CS: -3.2734268600626435
CB: -3.5879857129318484
CC: -1.5550386240430858
BC: -4.180416416738858
BB: -3.54602267931175
BS: -3.677521767065776
, expInitLib = Grammar
------------------------
Expansions: 0.0

Library: 
-------
False: -4.001725145686556
S: -2.387508029329795
I: -2.5583951563696044
C: -3.093817455027801
B: -4.064495985957658
True: -3.8663401640107837
nand: -1.9814148823122846
SB: -4.0674390107808645
SC: -1.5545172049738203
SS: -4.099639371836734
CS: -3.2734268600626435
CB: -3.5879857129318484
CC: -1.5550386240430858
BC: -4.180416416738858
BB: -3.54602267931175
BS: -3.677521767065776
, expDepthBound = 3, expNumBound = 2000, expReps = 3}