Experiment {expName = "dig arith", expTaskSet = [not,not,and,and,or,or,xor,xor], expEps = 0.0, expPrior = Grammar
------------------------
Expansions: 0.0

Library: 
-------
S: -2.833213344056216
I: -2.833213344056216
C: -2.833213344056216
B: -2.833213344056216
snd: -2.833213344056216
nand: -2.833213344056216
fst: -2.833213344056216
SB: -2.833213344056216
SC: -2.833213344056216
SS: -2.833213344056216
CS: -2.833213344056216
CB: -2.833213344056216
CC: -2.833213344056216
BC: -2.833213344056216
BB: -2.833213344056216
BS: -2.833213344056216
pair: -2.833213344056216
, expInitLib = Grammar
------------------------
Expansions: 0.0

Library: 
-------
S: -2.833213344056216
I: -2.833213344056216
C: -2.833213344056216
B: -2.833213344056216
snd: -2.833213344056216
nand: -2.833213344056216
fst: -2.833213344056216
SB: -2.833213344056216
SC: -2.833213344056216
SS: -2.833213344056216
CS: -2.833213344056216
CB: -2.833213344056216
CC: -2.833213344056216
BC: -2.833213344056216
BB: -2.833213344056216
BS: -2.833213344056216
pair: -2.833213344056216
, expDepthBound = 3, expNumBound = 1000, expReps = 5}