Experiment {expName = "dig arith", expTaskSet = [not,not,and,and,or,or,xor,xor], expEps = 0.0, expPrior = Grammar
------------------------
Expansions: 0.0

Library: 
-------
False: -2.772588722239781
S: -2.772588722239781
I: -2.772588722239781
C: -2.772588722239781
B: -2.772588722239781
True: -2.772588722239781
nand: -2.772588722239781
SB: -2.772588722239781
SC: -2.772588722239781
SS: -2.772588722239781
CS: -2.772588722239781
CB: -2.772588722239781
CC: -2.772588722239781
BC: -2.772588722239781
BB: -2.772588722239781
BS: -2.772588722239781
, expInitLib = Grammar
------------------------
Expansions: 0.0

Library: 
-------
False: -2.772588722239781
S: -2.772588722239781
I: -2.772588722239781
C: -2.772588722239781
B: -2.772588722239781
True: -2.772588722239781
nand: -2.772588722239781
SB: -2.772588722239781
SC: -2.772588722239781
SS: -2.772588722239781
CS: -2.772588722239781
CB: -2.772588722239781
CC: -2.772588722239781
BC: -2.772588722239781
BB: -2.772588722239781
BS: -2.772588722239781
, expDepthBound = 3, expNumBound = 1000, expReps = 3}