Experiment {expName = "digarith_wjittermany", expTaskSet = [not,not,and,and,or,or,xor,xor], expEps = 0.0, expPrior = Grammar
------------------------
Expansions: 0.0

Library: 
-------
False: -3.4520371971403727
S: -2.9389384952463167
I: -2.3887642389984287
C: -3.2206185677038297
B: -3.626219210862425
True: -3.612435803385313
nand: -4.346726937411862
SB: -4.177427233603181
SC: -4.051053634344393
SS: -3.863234017730911
CS: -4.066243869866694
CB: -1.7438315035202407
CC: -2.485609081288559
BC: -1.5872555529986303
BB: -1.7659875517792534
BS: -4.369265238138031
, expInitLib = Grammar
------------------------
Expansions: 0.0

Library: 
-------
False: -3.4520371971403727
S: -2.9389384952463167
I: -2.3887642389984287
C: -3.2206185677038297
B: -3.626219210862425
True: -3.612435803385313
nand: -4.346726937411862
SB: -4.177427233603181
SC: -4.051053634344393
SS: -3.863234017730911
CS: -4.066243869866694
CB: -1.7438315035202407
CC: -2.485609081288559
BC: -1.5872555529986303
BB: -1.7659875517792534
BS: -4.369265238138031
, expDepthBound = 3, expNumBound = 1000, expReps = 3}